00110000
11111110
00000001
00000000
00000000
00000000
00000000
00000000
00000000
00000000
00110000
11111101
00000000
00000000
00000000
00000000
00000000
00000000
00000000
00000000
00110000
11110001
00000110
00000000
00000000
00000000
00000000
00000000
00000000
00000000
00110000
11111001
00001000
00000000
00000000
00000000
00000000
00000000
00000000
00000000
00110000
11111010
11111111
11111111
11111111
11111111
11111111
11111111
11111111
11111111
00110000
11110011
00000000
00000000
00000000
00000000
00000000
00000000
00000000
00000000
01000000
11010011
00000000
00000000
00000000
00000000
00000000
00000000
00000000
00000000
01000000
11100011
00001000
00000000
00000000
00000000
00000000
00000000
00000000
00000000
01010000
00000011
00000000
00000000
00000000
00000000
00000000
00000000
00000000
00000000
01010000
00100011
00001000
00000000
00000000
00000000
00000000
00000000
00000000
00000000
01100000
00100000
01100000
10010011
01000000
00000011
00001000
00000000
00000000
00000000
00000000
00000000
00000000
00000000
01100000
10100001
01110100
01010000
00000000
00000000
00000000
00000000
00000000
00000000
00000000
00000000